836 666661616666

4. 11661. 6, 13. 1161116. 4 10. 7. 9666 comma 6661 rem,-
τόν 21. 166. 40, 29. 29. προτεταγμένων P] 6666666-
ταγ 166666 Ι 30. 96166. 3, 1. 2.

193, 5. αὐτοῦς (hoc 6666616]1,’ 1. 6. 66166616. 66166766.

11. 166. 53, 6. 14. 11661. 18, 15. 17. κατακωχὴν]
Forma deterior 666 6666666666, qua veteres utuntur. 22
11656. 5, 16666.

194, 5. 91111. 2, 9. 10116116. 2, 9. 1166666 616-
γ4166ς] παραγ 6116661, 66 quo 6666 (11161666 1661111.

20. 116666 P] 1161 2216669666ήσει] 1696661661
6661. 6616. 171, 9. 23. τῳ 961] 6611.

185, 14. 6ῆςΒ]11ἓ 1 16. 11666. 6, 20. 20. Pone

6666616 6661 ζωτικῆς. 25. 16666. 1, 27. 30. 66666166-
μίνος 9] 66666116ρ’ 66666 1, 66666166 1166611 31. Luc. 1.
26 6666.

196, 9. 66666 1666111616666666 66666616. 12. ἧδραιω-
μένων] 1166666666 1 19. 16666127. 25. 16666.
El. 1,1,1. 26. 6166666166] Scribe 11616161 ἀπ’ ἀρχῆς.

197, 6. ὁρ6616γ66 69] bpcoimoyrjrml 10.16666.1,10

15. κ616666ς16666666661 19. [1111166616] (1666666666 961
23. τὸ 616 9] τὸν 6111 25116111] 3, 3. 29. 61661
ρ6ηκοθεν]’ 666661663661 29. 666166161]66166ῦ B.

18ss 6. 1616661666] 1661666666 P 6. 16 ,66 τὴν] 16161
εἷς τὴν 961. 66616166611161616.Α616.11166.6.912. 15.
61111] 611161 B 19. 6161. 2, 36. 22. αὐτὸ 1] 6616161

166666 961. in 161.]1666661 1 2116661167, 19.
29. 1616116666 1] 1161166696 616616 11611666 Ρ 33. 6111
661111] ἀλλ’ 61166 1.

199, 3. 1666666166666] 6169616666661 6. Tolle 666·
ctum post Πέτρος. 6-9. 9616. 1, 4, 1. 1, 3, 21. 19.
9. 66666 B] 9666166 6661666661. 16. Luc. 1, 31.

17. 6661 6666611661 1661646661666 1616616190, 1. 22.
66661 61166661 -] 1616166166 1116166669111. της 6616 6161
-111666ἀς 661166661 61656561. Sed videntur nonnulla excidisse.
33 11666. 6, 9

' 190, 5. Pone 6666666 6661166661666666. 1661116 καὶ ἔτι
666666166666166 661 166666 iterum utitur 16166 6. 210, 2.

6. τῆς] 966111. ὑπ’ eum Pet. Minus probabiliter idem τοῖς

 

